10.297670405521998 1.036203436245639
15.090889481527967 1.0721270220347328
19.338869715271784 1.1163303770719564
22.937446074201887 1.1615513162583935
26.85828300258845 1.212451847779195
30.61798964624677 1.2547179672385704
32.444132873166524 1.2906788495986043
36.526100086281275 1.3208457415701584
38.91864067770021 1.36148674650953
42.380500431406375 1.412292807705293
47.08908541846421 1.4389975252747869
50.222174288179474 1.4686621361180927
50.38330457290769 1.4841490333214538
54.787532355478874 1.5080095761834198
58.81578947368422 1.536704653092996
66.55004314063848 1.581610962880294
71.65250215703193 1.6043720751116026
77.34577221742882 1.6191028116655353
83.25388265746335 1.629862079442718
89.00086281276964 1.629170668117192
95.07010353753236 1.6276462726616236
100.9782139775669 1.6191081189871666
106.8863244176014 1.6085744123793166
112.7944348576359 1.5931261259408234
118.70254529767044 1.5754487644171575
124.61065573770495 1.554427790265732
130.51876617773945 1.5322922785717203
136.42687661777396 1.509042229335122
142.06643658326146 1.4856070872566298
