0.22051815281727016 1.0087583652731167
0.6344235472457989 0.9981534177755446
1.034559535727599 0.9835023539485325
1.434527605081783 0.9629069530037991
1.8342521917009194 0.9336922632383702
2.233896417023267 0.9016327835666036
2.6149978728226735 0.8576804016956463
2.9919696508704163 0.8107643471740709
3.322792988035623 0.7773030626326414
3.618233270974528 0.7394019592319816
3.885032642450593 0.7004315226240132
4.184375849254014 0.6625822514030526
4.483716405548247 0.6246391521567958
4.774002763552165 0.5884380028897667
5.100664238466248 0.5508737144168225
5.427157494397122 0.5073544739384472
5.73550206600769 0.4658929474340323
6.043855983117329 0.42476225159658565
6.388723589684215 0.38717388472016356
6.715431448509104 0.3512515866898933
7.060209242081285 0.310483839800767
7.42342591146318 0.27793115766273635
7.786635634190688 0.2451325639594184
8.150034615768284 0.21903373354919875
8.549523287436184 0.18146765451004665
8.9492671933223 0.1529368667956621
9.349339012708906 0.13601421699866334
9.749394340038332 0.11850774837760314
10.00396723389872 0.10709224625534519
