3.1041846419327612 0.9797014328239984
6.649050905953459 0.981604905884535
10.193917169974156 0.9838577128957017
13.738783433994854 0.9834905152771415
17.28364969801555 0.9827104684442
20.828515962036306 0.9823115131937642
24.373382226057004 0.9798483118714223
27.9182484900777 0.9784966276647221
31.4631147540984 0.9782564605736639
35.0079810181191 0.9780162934826055
38.552847282139794 0.978887643507189
42.09771354616055 0.9810292988067917
45.642579810181246 0.9809479198751108
49.187446074201944 0.9845186686091099
52.73231233822264 0.9877083257606032
56.27717860224334 0.9910250134395987
59.82204486626409 0.9955484911298623
63.36691113028479 1.0022950030514095
66.91177739430549 1.009994243929221
70.45664365832619 1.0191225782414293
74.00150992234688 1.0303151586255435
77.54637618636758 1.043254408762809
81.09124245038834 1.0584166931313583
84.63610871440903 1.076040193970257
87.53645383951687 1.0922329000730517